1511038879
0.024532755007385
0
-30
0.033981515007326
0
-30
0.049905585008673
0
-30
0.067703038002946
0
-30
0.08444976300234
0
-30
0.1009379550087
0
-30
0.11716994800372
0
-30
0.13366808999854
0
-30
0.15082663300564
0
-30
0.16698806000932
0
-30
0.1844974780106
0
-30
0.19997609801067
0
-30
0.21736782499647
0
-30
0.23316873300064
0
-30
0.24946558800002
0
-30
0.26722396801051
0
-30
0.28348022799764
0
-30
0.29966959300509
0
-30
0.31684532501095
0
-30
0.33368636800151
0
-30
0.35007539299841
0
-30
0.36704684300639
0
-30
0.38328540000657
0
-30
0.4004925229965
0
-30
0.4172496250103
0
-30
0.43349784999737
0
-30
0.45051834000333
0
-29.2
0.46738193499914
0
-29.2
0.48441550300049
0
-28.4
0.50151020800695
0
-28.4
0.51783717000217
0
-27.6
0.53408003800723
0
-26
0.55067424300069
0
-24.4
0.56729358500161
0
-22
0.58357730999705
0
-19.6
0.60099459500634
0
-18
0.61692926300748
0
-15.6
0.63417944499815
0
-14
0.6508990250004
0
-11.6
0.66828640800668
0
-10
0.68422092500259
0
-8.4
0.70037058299931
0
-7.6
0.71733259300527
0
-5.2
0.73436245499761
0
-2.8
0.75171723999665
0
-1.2
0.76672989800863
0
-0.4
0.78427092300262
0
0.4
0.8011273680022
0
0.4
0.817180293001
0
1.2
0.83413934000419
0
1.2
0.85055049799848
0
1.2
0.86751626500336
0
1.2
0.88429344000178
0
1.2
0.90085192800325
-0.8
1.2
0.91823282800033
-0.8
1.2
0.93437714000174
-1.6
0.4
0.95097499300027
-1.6
0.4
0.96751069300808
-2.4
-0.4
0.98362809300306
-3.2
-1.2
1.0003513130068
-4
-2
1.0172441000032
-4.8
-2.8
1.0339199000009
-5.6
-3.6
1.0513197149994
-5.6
-4.4
1.0679924750002
-6.4
-4.4
1.0844029400032
-7.2
-4.4
1.1007736230094
-7.2
-4.4
1.1172176330001
-7.2
-4.4
1.1346764400078
-8
-4.4
1.1519052950025
-9.6
-4.4
1.1679371049977
-11.2
-4.4
1.184183682999
-14.4
-4.4
1.200096215005
-16
-2.8
1.216832924998
-18.4
-2
1.2341384930041
-20.8
-2
1.2504782930046
-23.2
-1.2
1.2676443030068
-26.4
-0.4
1.2854447200079
-30.4
0.4
1.3000358950085
-33.6
1.2
1.316924978004
-39.2
2
1.3345470500062
-44.8
2
1.3509174280043
-50.4
2
1.3673086750059
-55.2
2
1.3842347530008
-60
2
1.4006621900044
-64.8
2
1.4169175029965
-68
2.8
1.4335909130023
-70.4
2.8
1.4506857829983
-71.2
2.8
1.4699336850026
-72
2.8
1.4844844530016
-72.8
2.8
1.5004917379993
-72.8
2.8
1.5176834529993
-72.8
2.8
1.5340903949982
-72.8
2.8
1.5501188950002
-72.8
2.8
1.5671897730062
-72.8
2.8
1.5841478880029
-72.8
2.8
1.6007340630022
-72.8
2.8
1.6169642830064
-73.6
2.8
1.6336799300043
-74.4
2.8
1.6514339230052
-76
2.8
1.667305038005
-76.8
2.8
1.6847050100041
-78.4
2.8
1.7007548350084
-78.4
2.8
1.7174106980092
-78.4
2.8
1.7336152330099
-78.4
2.8
1.7508866380085
-78.4
2.8
1.7674454829976
-78.4
2.8
1.7840324599965
-78.4
2.8
1.8004059250088
-78.4
2.8
1.8171930450044
-78.4
2.8
1.8339999980089
-78.4
2.8
1.8503241130093
-78.4
2.8
1.8679414330109
-78.4
2
1.88376698301
-78.4
2
1.9010344650014
-78.4
2
1.9172008230089
-78.4
2
1.9333575049968
-78.4
2
1.9512851080071
-78.4
1.2
1.9679565080005
-78.4
0.4
1.9842942850082
-78.4
0.4
2.0009829229966
-78.4
-0.4
2.0177002830023
-78.4
-1.2
2.0336072780046
-78.4
-2
2.0502513200045
-78.4
-2.8
2.0669729329966
-78.4
-4.4
2.0847870950092
-78.4
-5.2
2.1006385280052
-78.4
-6.8
2.1176970280067
-79.2
-7.6
2.1337372450071
-79.2
-9.2
2.151312343005
-79.2
-10
2.1683467600087
-79.2
-10.8
2.1844668429985
-79.2
-12.4
2.2009958080016
-79.2
-13.2
2.2177789980051
-79.2
-14
2.2341282249981
-79.2
-14.8
2.2509284830012
-79.2
-15.6
2.2668155830033
-79.2
-15.6
2.2837181600044
-79.2
-15.6
2.3011253480072
-78.4
-16.4
2.3172096430062
-77.6
-16.4
2.3341781680065
-76.8
-17.2
2.3502788850019
-76
-18
2.3678545980074
-75.2
-18.8
2.3847483050049
-73.6
-19.6
2.401105145007
-71.2
-21.2
2.4178475299996
-68.8
-22
2.4345297079999
-65.6
-23.6
2.4504793850065
-62.4
-25.2
2.4673612800107
-59.2
-26
2.4837784630072
-54.4
-26.8
2.5003642980009
-48
-27.6
2.5178347530018
-40
-27.6
2.533621295006
-31.2
-27.6
2.5510904350085
-20.8
-27.6
2.5679094030056
-10.4
-27.6
2.5841103330022
-0.79999999999999
-27.6
2.6015869480034
8.8
-26
2.6173944030015
18.4
-25.2
2.634309223009
23.2
-25.2
2.6512028430006
27.2
-25.2
2.6675252300047
30.4
-25.2
2.6839482049982
32.8
-25.2
2.70041747301
33.6
-26
2.716918450009
35.2
-26.8
2.7340852130001
35.2
-26.8
2.7503394100058
36
-27.6
2.7672435730055
36
-27.6
2.7847780830052
36.8
-28.4
2.8008506780025
36.8
-28.4
2.8181661999988
36.8
-29.2
2.8347154350049
36.8
-29.2
2.85064212
36.8
-29.2
2.8671505300008
36.8
-29.2
2.8838561330049
36.8
-29.2
2.9005596350034
36.8
-29.2
2.9172635380091
36.8
-29.2
2.9337416229973
36.8
-29.2
2.9505378629983
36.8
-29.2
2.9671913530037
36.8
-29.2
2.98384992301
36.8
-29.2
3.0011297599995
36
-29.2
3.017318512997
36
-29.2
3.0346396550012
35.2
-29.2
3.051034529999
35.2
-29.2
3.0678506330005
34.4
-28.4
3.0837943399965
34.4
-28.4
3.1005434380058
34.4
-28.4
3.116877945009
34.4
-28.4
3.1337619149999
34.4
-28.4
3.1512170549977
34.4
-28.4
3.1676903629996
34.4
-27.6
3.1848121329967
34.4
-27.6
3.2008790030086
33.6
-26.8
3.2180316500016
33.6
-26
3.2339879479987
33.6
-26
3.250375372998
32.8
-26
3.2678812079976
32.8
-26
3.2844614479982
32.8
-26
3.300237923002
32.8
-26
3.3174800179986
32.8
-26
3.3338727329974
32.8
-26
3.3506276679982
32.8
-26
3.3678872930032
32.8
-26
3.3836070700054
32.8
-26
3.4009428900026
32.8
-26
3.4170417450077
32.8
-26.8
3.4343310499971
32.8
-26.8
3.4505835830059
32.8
-26.8
3.467738353007
32.8
-27.6
3.484246123
32.8
-27.6
3.5006532429979
32.8
-27.6
3.5166818279977
32.8
-27.6
3.5342143080052
32.8
-27.6
3.5503552630107
32.8
-27.6
3.5709075449995
33.6
-27.6
3.5843759280106
33.6
-28.4
3.6010433880001
33.6
-28.4
3.6177670379984
34.4
-28.4
3.6346892230067
34.4
-28.4
3.6504741130047
34.4
-28.4
3.6683422950009
35.2
-28.4
3.6840186979971
35.2
-28.4
3.7013954200083
36
-28.4
3.7173585950077
36.8
-28.4
3.7340622580086
40
-28.4
3.7505273880088
44
-29.2
3.7670842829975
51.2
-30
3.7838403780042
60.8
-30.8
3.8009338650008
70.4
-30.8
3.8182022300025
77.6
-30.8
3.8346844250045
83.2
-30.8
3.8533401129971
87.2
-30.8
3.8676452829968
87.2
-30.8
3.8847608180076
87.2
-30.8
3.9013501750014
87.2
-30.8
3.9172355229966
87.2
-30.8
3.9340988430049
87.2
-30.8
3.9505150480109
87.2
-30.8
3.9669922949979
87.2
-30.8
3.9837419380056
87.2
-30.8
4.0014536850067
87.2
-30.8
4.0179279700096
87.2
-30.8
4.0348041300022
87.2
-30.8
4.0506440400059
87.2
-30.8
4.0680447650084
87.2
-30.8
4.0853285300109
84.8
-28.4
4.1011782480055
84
-28.4
4.1181298130105
80.8
-27.6
4.1341499580012
77.6
-26.8
4.1512819150084
72.8
-26.8
4.167432155009
66.4
-25.2
4.183718485001
61.6
-24.4
4.2002043300017
56.8
-23.6
4.2182540950016
53.6
-22.8
4.2344845000043
51.2
-22.8
4.2512100199965
49.6
-22.8
4.267712055007
48.8
-22
4.2846548630041
47.2
-22
4.3016527330037
46.4
-22
4.3180501850002
45.6
-22
4.3345209899999
45.6
-22
4.3506559500092
45.6
-22
4.3679093079991
44.8
-22
4.3843412950082
44.8
-22
4.4004519730079
42.4
-22
4.4170598979981
40.8
-22
4.4348252330092
38.4
-22
4.450602130004
36.8
-22
4.4678709250002
36
-22.8
4.4838340179995
35.2
-22.8
4.5012789230095
35.2
-22.8
4.5180889699986
35.2
-22.8
4.5347481580102
34.4
-22.8
4.5512359980057
34.4
-22.8
4.5674169780104
34.4
-22.8
4.5846728730103
33.6
-22.8
4.6006800550094
31.2
-23.6
4.6172528550087
28
-23.6
4.6337123780104
24
-24.4
4.6512268930092
19.2
-24.4
4.667475684997
12.8
-24.4
4.684295412997
7.2
-25.2
4.7017940530059
0.80000000000002
-25.2
4.7173044829979
-6.4
-25.2
4.7343913899967
-15.2
-25.2
4.7513011249976
-26.4
-22.8
4.7680416930089
-32.8
-22
4.7842696730077
-35.2
-21.2
4.8011823850102
-38.4
-20.4
4.8177924650081
-40.8
-19.6
4.8336321649986
-41.6
-19.6
4.8504183750047
-42.4
-19.6
4.8678087730077
-42.4
-19.6
4.8840635680099
-42.4
-19.6
4.9006563700095
-42.4
-19.6
4.9170380380092
-42.4
-19.6
4.9340526629967
-42.4
-19.6
4.9506124629988
-42.4
-19.6
4.9681739600055
-42.4
-19.6
4.98463507001
-42.4
-20.4
5.0008485700091
-42.4
-20.4
5.0179591250053
-40
-20.4
5.0342323880031
-37.6
-20.4
5.050343520008
-32.8
-20.4
5.0670751200087
-25.6
-20.4
5.0845970380033
-17.6
-20.4
5.1004783480021
-5.6
-18
5.1177482080093
7.2
-14
5.1337642930011
16.8
-10.8
5.1512354930019
27.2
-7.6
5.1683961130038
34.4
-4.4
5.184726063002
37.6
-3.6
5.2014000100025
39.2
-2.8
5.2178269330034
40
-2.8
5.2339917780046
40.8
-2.8
5.2507912980072
41.6
-2.8
5.2674234000006
41.6
-2.8
5.2844703330047
41.6
-2.8
5.3006616830098
41.6
-2.8
5.3173863100092
41.6
-2.8
5.3340683029965
41.6
-2.8
5.3508049730008
41.6
-2.8
5.3672961300035
41.6
-2.8
5.3842931130057
41.6
-2.8
5.4007006879983
41.6
-2.8
5.4177666250034
41.6
-2.8
5.434359403007
41.6
-2.8
5.4508521950047
41.6
-2.8
5.4671638230066
40.8
-2.8
5.4838346150063
39.2
-2.8
5.5014011029998
36.8
-2.8
5.5174612130068
34.4
-2.8
5.5344633850036
28.8
-1.2
5.5539730730088
17.6
0.39999999999999
5.5679536600073
12.8
0.39999999999999
5.585470623002
-3.2
2
5.6014371000056
-13.6
2.8
5.6178439150099
-19.2
2.8
5.6344998330023
-24.8
2.8
5.6513196450105
-28.8
2.8
5.6676124579972
-32
2.8
5.6837143730081
-34.4
2.8
5.7003899830015
-36
2.8
5.7180191630032
-38.4
2.8
5.7341559580091
-40
2
5.7510548400023
-42.4
2
5.7670733179984
-44.8
2
5.7846196030005
-48
1.2
5.8018165280082
-50.4
1.2
5.8173185699998
-52
0.39999999999999
5.8349063200003
-52.8
-0.40000000000001
5.8505367379985
-52.8
-0.40000000000001
5.8677881400072
-52.8
-0.40000000000001
5.8843430630077
-51.2
-0.40000000000001
5.9003226130008
-48.8
-0.40000000000001
5.9170926450024
-46.4
-1.2
5.9347959029983
-42.4
-1.2
5.9508100500097
-36.8
-2.8
5.9679238100071
-25.6
-3.6
5.9838916700101
-15.2
-5.2
6.0016230699985
-2.4
-5.2
6.0183676629968
10.4
-5.2
6.034379454999
21.6
-5.2
6.051352873008
37.6
-5.2
6.0681252979994
47.2
-5.2
6.0841629299975
53.6
-5.2
6.1008472530084
58.4
-5.2
6.11722113
61.6
-4.4
6.1337726299971
62.4
-4.4
6.1514000980096
63.2
-4.4
6.167828538004
63.2
-4.4
6.184142402999
63.2
-4.4
6.200334617999
63.2
-4.4
6.2179362879979
61.6
-4.4
6.2348927330022
60.8
-4.4
6.2510664380097
57.6
-4.4
6.2681795149983
56
-4.4
6.2847308150085
53.6
-4.4
6.3010038900102
48.8
-6
6.3173579849972
41.6
-6.8
6.3340347379999
27.2
-7.6
6.3504082130094
16.8
-8.4
6.3676605250075
4
-8.4
6.384794743004
-7.2
-8.4
6.4006728329987
-16.8
-8.4
6.417994058007
-24.8
-7.6
6.4345903750072
-30.4
-6.8
6.4518927300087
-36.8
-6
6.4679221650003
-38.4
-6
6.4847631630109
-39.2
-6
6.5011763229995
-40
-6
6.5178327150061
-40
-5.2
6.5339266049996
-40
-5.2
6.5505338650109
-40
-5.2
6.5674590050039
-40
-5.2
6.5845659150073
-40
-5.2
6.6008146399981
-40
-5.2
6.6175472750037
-40
-5.2
6.634857780009
-40
-5.2
6.6518625830067
-40.8
-5.2
6.6677989930031
-40.8
-5.2
6.6845493930014
-41.6
-5.2
6.7012102529989
-43.2
-6
6.7175797380041
-46.4
-6.8
6.7339325900102
-52.8
-9.2
6.7506980000035
-60
-10
6.7673748829984
-69.6
-12.4
6.7849780179968
-80
-14
6.8006717649987
-87.2
-14.8
6.8171986899979
-91.2
-16.4
6.8345590000099
-95
-17.2
6.8512906350079
-95
-18
6.8681528830057
-95
-18
6.8850887099979
-95
-18.8
6.9009154649975
-95
-18.8
6.9177960649977
-95
-18.8
6.9347166280058
-95
-18.8
6.9510695900099
-94.2
-18.8
6.967089193
-92.6
-18.8
6.9838217280048
-91.8
-18.8
7.0015380450059
-90.2
-18.8
7.017324860004
-88.6
-18.8
7.0347347250063
-86.2
-18.8
7.0507001930091
-83
-18.8
7.0680962030019
-76.6
-18.8
7.0849097900063
-67
-16.4
7.1010753930022
-55
-13.2
7.1177612379979
-32.6
-6.8
7.1343025079987
-16.6
-2.8
7.1511333730014
-6.2
0.39999999999998
7.1676456130081
11.4
5.2
7.1838641729992
20.2
7.6
7.2007267650042
30.6
10.8
7.2180224350013
37
11.6
7.2339115850045
42.6
12.4
7.2511760930065
45.8
13.2
7.268463668006
47.4
13.2
7.284257493011
48.2
14
7.3019067200075
49
14
7.3173140430008
49
14
7.3345149800007
49
14
7.3508682250103
49
14
7.3677889780083
49.8
14
7.3838060499984
49.8
14
7.4006645750051
49.8
13.2
7.4179213280004
49.8
13.2
7.4343323180074
49.8
12.4
7.4518711230048
49.8
12.4
7.4679490450071
49.8
11.6
7.4848039180069
50.6
10.8
7.5009059400036
50.6
10
7.5181600750075
51.4
8.4
7.5344736050029
53
6
7.5546648300078
54.6
3.6
7.5682809980062
56.2
0.39999999999998
7.5844800449995
57
-1.2
7.6003462380031
57.8
-3.6
7.6173123379995
58.6
-5.2
7.6348147130047
58.6
-6.8
7.6507250249997
58.6
-7.6
7.6680059430073
58.6
-8.4
7.6841068600042
57.8
-8.4
7.7014877580077
56.2
-9.2
7.7184200729971
53.8
-10.8
7.7345824880031
49.8
-12.4
7.7518255300092
45.8
-14
7.7677970750083
40.2
-14.8
7.7848396830086
32.2
-14.8
7.8009600229998
23.4
-14.8
7.8171019480069
15.4
-14.8
7.8339495030086
6.6
-10.8
7.8513763730007
-0.60000000000003
-3.6
7.8678263199981
-7.8
5.2
7.8848154250009
-12.6
12.4
7.9008455349976
-17.4
18.8
7.9181250050024
-22.2
25.2
7.9341990579996
-26.2
30.8
7.9518732630095
-33.4
41.2
7.9681094800035
-38.2
46.8
7.9838288730098
-40.6
50
8.0010179100063
-43
53.2
8.0177474649972
-45.4
54.8
8.0342886380095
-46.2
55.6
8.0505696650071
-47.8
55.6
8.0682071799965
-48.6
55.6
8.0841249700024
-49.4
55.6
8.1014725600107
-50.2
54
8.1173060800065
-51
52.4
8.1348650099972
-51.8
50
8.1516505629988
-53.4
47.6
8.1680125050043
-55.8
42.8
8.1845269230107
-57.4
39.6
8.2014850800042
-58.2
36.4
8.2183080030081
-59.8
33.2
8.234413860002
-59.8
30
8.25080970001
-59.8
28.4
8.2673942830006
-59.8
26
8.2848793950106
-59.8
25.2
8.3006353200035
-59.8
23.6
8.3181101230002
-58.2
22
8.3348589380039
-57.4
19.6
8.351448964997
-56.6
18
8.368772508009
-55.8
15.6
8.3846166529984
-55
14
8.4014064630028
-55
12.4
8.4183766530041
-55
11.6
8.4347039700078
-55
10.8
8.4508547230071
-55
10.8
8.467329207997
-55
10
8.4837889300106
-55
9.2
8.5010802480101
-55
8.4
8.5185291850066
-55
6.8
8.5344880949997
-55
5.2
8.5514473479998
-55
3.6
8.5674373079964
-55
1.2
8.5852724330034
-55
-2.8
8.6007984850003
-55
-4.4
8.6185584080085
-54.2
-10
8.6348420180002
-53.4
-13.2
8.6511299530102
-53.4
-16.4
8.6675643380004
-53.4
-19.6
8.6839450080006
-53.4
-22
8.7018499630067
-53.4
-23.6
8.7179851030087
-52.6
-25.2
8.7351435300079
-52.6
-26
8.7510873300052
-51.8
-26.8
8.7683671100094
-51.8
-26.8
8.7847283599986
-51
-27.6
8.8018121979985
-49.4
-27.6
8.818437673006
-47
-27.6
8.8349304630101
-43
-26.8
8.8515517780033
-36.6
-24.4
8.8678090300091
-29.4
-20.4
8.8842063600023
-19.8
-14.8
8.900608033
-10.2
-8.4
8.9183736300038
-1.4
-2
8.9346804649977
8.2
5.2
8.9515995999973
17.8
12.4
8.967832852999
28.2
20.4
8.9848632780049
35.4
26
9.0010670430056
43.4
32.4
9.0185930279986
49.8
38
9.0348310230038
53
39.6
9.0512951530109
55.4
41.2
9.0680203680095
57
41.2
9.0844808999973
57.8
41.2
9.100880662998
57.8
41.2
9.1172844030079
58.6
41.2
9.1349910350109
58.6
41.2
9.1511167080025
58.6
40.4
9.1681983480084
58.6
39.6
9.1842450130061
58.6
38
9.20186186301
58.6
37.2
9.2185297280084
58.6
36.4
9.2350097580056
58.6
34.8
9.251844850005
58.6
34
9.267839993001
58.6
33.2
9.2843202400109
58.6
32.4
9.3010732830007
58.6
31.6
9.3176260080072
58.6
30.8
9.3339726030099
58.6
30
9.3515772929968
58.6
29.2
9.3685558330035
58.6
28.4
9.3848387730104
59.4
26.8
9.4014845700003
59.4
25.2
9.4180384330102
60.2
23.6
9.4352384700032
61
21.2
9.4515163830074
61.8
17.2
9.4684806580044
61.8
14.8
9.4848520750093
61.8
13.2
9.501524738007
62.6
11.6
9.5174715750036
62.6
10.8
9.5341904680099
62.6
10.8
9.5546242030105
62.6
10.8
9.5682511880004
62.6
10
9.584353423008
62.6
10
9.6011331530026
62.6
10
9.6177232180053
62.6
10
9.6343476629991
62.6
10
9.6519644500077
61.8
10
9.6682456780109
61.8
10
9.6846769230033
61
10
9.7016791729984
60.2
10
9.7178567149967
58.6
10
9.7343663630018
57.8
10
9.7508699199971
56.2
10
9.7674223450013
54.6
10
9.7843881330045
52.2
10
9.8007273830008
50.6
9.2
9.8180003250018
49
9.2
9.8355173900054
46.6
8.4
9.8513167380006
43.4
8.4
9.8685648530081
38.6
7.6
9.8848044400074
34.6
6.8
9.901552855008
29.8
6
9.9179592180008
23.4
5.2
9.9344048080093
14.6
4.4
9.9509181300091
4.1999999999999
3.6
9.9675569380051
-6.2000000000001
2.8
9.9853011130035
-16.6
2
10.001390354999
-25.4
1.2
10.017342070001
-34.2
1.2
10.034777667999
-42.2
1.2
10.050877913003
-50.2
1.2
10.068064924999
-55
1.2
10.085529225005
-62.2
0.39999999999998
10.100948873005
-63
0.39999999999998
10.11834499301
-64.6
0.39999999999998
10.13435867001
-64.6
0.39999999999998
10.15111883801
-64.6
0.39999999999998
10.167808170008
-63.8
0.39999999999998
10.184174599999
-60.6
0.39999999999998
10.202060675001
-58.2
0.39999999999998
10.21795739801
-53.4
0.39999999999998
10.234092558007
-49.4
0.39999999999998
10.251009055006
-40.6
0.39999999999998
10.26834272001
-29.4
-0.40000000000002
10.284514753002
-13.4
-2
10.302087648
9
-2.8
10.317930693011
23.4
-2.8
10.335159570008
37
-2.8
10.351574715009
45.8
-2.8
10.368101668006
53.8
-1.2
10.384406023004
57.8
-0.40000000000002
10.400924475005
61.8
1.2
10.418381859999
64.2
2
10.434348333001
65.8
2
10.450953617998
66.6
2
10.467480642998
66.6
2
10.484461108004
66.6
2
10.501077314999
66.6
2
10.517298203005
66.6
2
10.535489515009
66.6
2
10.551676970004
65.8
2
10.568432283006
64.2
2
10.584573040003
61.8
2
10.600814225007
60.2
2
10.617841423009
57.8
2
10.634967128004
55.4
2
10.651254940007
52.2
2
10.668399545
46.6
2
10.684254405001
34.6
2.8
10.701759288
21.8
3.6
10.717972180006
10.6
4.4
10.734885490005
-3
6
10.751284903003
-19
6.8
10.767922850006
-29.4
6.8
10.784841569999
-39
6.8
10.801262420006
-45.4
6.8
10.817297770001
-51
6.8
10.834096924998
-55
6.8
10.852043792998
-56.6
6.8
10.86786025
-58.2
6.8
10.884944500009
-59
6.8
10.90087274801
-59
6.8
10.917711393005
-59
6.8
10.934361805004
-59
6.8
10.95209344801
-57.4
6.8
10.968272919999
-55
6.8
10.984863443009
-52.6
6.8
11.00156207
-50.2
6.8
11.017943883009
-47.8
6.8
11.034258508007
-46.2
6.8
11.050921053
-43
6
11.068344333005
-41.4
6
11.084454960001
-38.2
5.2
11.101656013008
-35
5.2
11.117543155007
-32.6
5.2
11.135130315
-29.4
5.2
11.151907645006
-27.8
5.2
11.168340418008
-25.4
5.2
11.185189803
-24.6
5.2
11.201365034998
-23.8
4.4
11.218348750001
-23
4.4
11.234466253009
-23
4.4
11.250810483005
-22.2
4.4
11.268089254998
-22.2
4.4
11.283997120001
-22.2
4.4
11.301066070009
-21.4
3.6
11.318343435007
-21.4
3.6
11.334189005007
-21.4
3.6
11.351409365001
-21.4
3.6
11.368129577997
-21.4
2.8
11.384376065005
-21.4
2.8
11.401591982998
-21.4
2.8
11.417832432999
-21.4
2
11.43449231
-21.4
2
11.451498095004
-22.2
1.2
11.467522980005
-23
1.2
11.484239630008
-23.8
1.2
11.501850118002
-24.6
1.2
11.517687387997
-25.4
0.39999999999998
11.534971123008
-26.2
0.39999999999998
11.553341674997
-27.8
-0.40000000000002
11.567777557997
-27.8
-0.40000000000002
11.585576170008
-28.6
-0.40000000000002
11.601530343003
-28.6
-1.2
11.618604928008
-28.6
-1.2
11.63499583301
-29.4
-2
11.651048025
-29.4
-2
11.667858718007
-30.2
-2.8
11.684127209999
-30.2
-2.8
11.700842803009
-30.2
-3.6
11.718209775005
-30.2
-3.6
11.734212348005
-30.2
-3.6
11.751618492999
-30.2
-4.4
11.767807330005
-30.2
-4.4
11.784334844997
-30.2
-4.4
11.802171773001
-29.4
-4.4
11.818149074999
-27.8
-4.4
11.835559433006
-26.2
-4.4
11.85189967
-24.6
-4.4
11.868302479998
-23
-4.4
11.884532205004
-21.4
-4.4
11.901030483001
-19
-4.4
11.917485612998
-16.6
-4.4
11.934877414998
-12.6
-4.4
11.95187936
-10.2
-4.4
11.968212483
-7
-4.4
11.985288965006
-4.6
-4.4
12.002228568002
-3
-4.4
12.018378542998
-1.4
-4.4
12.035075799999
0.19999999999996
-5.2
12.052165778005
0.99999999999996
-5.2
12.068343513005
1.8
-5.2
12.084817798008
1.8
-5.2
12.101127672999
2.6
-5.2
12.117781898007
3.4
-5.2
12.135270530009
3.4
-5.2
12.151379100003
4.2
-5.2
12.168580115002
5
-5.2
12.184967125009
5.8
-5.2
12.201539472997
7.4
-5.2
12.217941142997
8.2
-5.2
12.235508584999
9
-4.4
12.251619875009
9.8
-3.6
12.268440715008
9.8
-3.6
12.284966548003
9.8
-2.8
12.301819043001
9.8
-2
12.317770617999
9.8
-2
12.33427381501
9.8
-1.2
12.351978510007
9.8
-0.40000000000002
12.368249513005
9.8
0.39999999999998
12.384926744999
9.8
1.2
12.401138048008
9.8
1.2
12.418648810009
9.8
2
12.435901948003
9.8
2.8
12.45166267801
9.8
2.8
12.467845348001
9.8
3.6
12.485084180007
9.8
3.6
12.500502305003
9.8
3.6
12.517852465011
9.8
3.6
12.534168598009
9
3.6
12.550947438009
9
4.4
12.568463675008
9
4.4
12.584462195009
9
5.2
12.601691764998
8.2
5.2
12.618030943006
8.2
5.2
12.635265450008
8.2
6
12.652269248007
8.2
6
12.668732193008
8.2
6.8
12.685077903006
7.4
6.8
12.702133108003
7.4
7.6
12.718431770001
7.4
8.4
12.734711302997
7.4
9.2
12.751060107999
7.4
9.2
12.767623770007
7.4
10
12.784957092998
7.4
10
12.80138909501
7.4
10.8
12.81827054001
7.4
10.8
12.834341185007
7.4
10.8
12.851462695005
7.4
11.6
12.868223609999
7.4
11.6
12.885433028001
7.4
11.6
12.901748770004
7.4
11.6
12.918600895006
7.4
12.4
12.935004633007
7.4
12.4
12.951585553004
7.4
12.4
12.967595367998
7.4
13.2
12.984490137998
7.4
13.2
13.002016855011
7.4
14
13.017785245
7.4
14.8
13.034928667999
7.4
15.6
13.051027658003
7.4
16.4
13.068022845007
7.4
17.2
13.085702808006
7.4
17.2
13.101740593003
7.4
18
13.118298560003
7.4
18
13.135081033004
7.4
18
13.150978798003
7.4
18
13.168389333005
6.6
18
13.184992923008
6.6
18
13.201526983001
6.6
18
13.218380282997
6.6
18
13.234443655005
6.6
17.2
13.25123928301
6.6
17.2
13.26778775001
6.6
16.4
13.285221359998
6.6
16.4
13.301959983
6.6
16.4
13.318228653006
6.6
16.4
13.335144213008
6.6
16.4
13.351809070009
6.6
16.4
13.368124690009
6.6
16.4
13.384657169998
6.6
16.4
13.401755660001
6.6
16.4
13.417923854999
6.6
16.4
13.435047792998
6.6
16.4
13.451763288002
6.6
16.4
13.46765621801
6.6
16.4
13.484804050007
6.6
16.4
13.501195012999
6.6
16.4
13.517712763001
6.6
16.4
13.534731860011
6.6
16.4
13.554869878004
6.6
16.4
13.568031178002
6.6
16.4
13.584710545008
6.6
16.4
13.601285402998
6.6
16.4
13.617282588006
6.6
16.4
13.634710377999
6.6
16.4
13.651823160006
6.6
16.4
13.668104875003
6.6
16.4
13.684590125005
6.6
16.4
13.700815513002
6.6
16.4
13.718018493004
6.6
16.4
13.735379445003
6.6
16.4
13.751320367999
6.6
16.4
13.768053143009
6.6
16.4
13.784655308002
6.6
16.4
13.800994664998
5.8
16.4
13.818051170005
4.2
16.4
13.835401675009
1.8
16.4
13.851200638004
0.19999999999996
16.4
13.868164130006
-3.8
16.4
13.885012838
-5.4
16.4
13.902023333008
-8.6
16.4
13.91824016301
-11
16.4
13.934408743007
-13.4
16.4
13.951098842997
-17.4
16.4
13.96866714301
-20.6
17.2
13.984538222998
-23
17.2
14.001886384998
-26.2
18
14.017809755009
-28.6
18.8
14.035203910011
-31
18.8
14.051294578006
-32.6
19.6
14.068884533001
-35
19.6
14.085023200008
-35.8
19.6
14.101962219996
-36.6
19.6
14.118474275005
-37.4
19.6
14.135002652998
-38.2
19.6
14.151052513
-39
19.6
14.168664628
-39
19.6
14.185249333008
-39
19.6
14.201755323011
-39.8
19.6
14.218867918011
-39.8
19.6
14.234539983008
-40.6
18.8
14.252125775005
-40.6
18
14.268735378006
-41.4
18
14.284882884996
-41.4
16.4
14.301698780007
-41.4
15.6
14.31844571
-41.4
14.8
14.334879672999
-42.2
14
14.351570458006
-42.2
12.4
14.367686965008
-42.2
10.8
14.384447293007
-43
9.2
14.401840238002
-43
8.4
14.417992828006
-43
6.8
14.435045185004
-43
6.8
14.451133663009
-43
6
14.468549623009
-43
5.2
14.485511488005
-43
5.2
14.501909615006
-43
4.4
14.518499140002
-43
3.6
14.53562582501
-43
2.8
14.551827030009
-43
2.8
14.56810377301
-43
2.8
14.58436137301
-43
2
14.60183591301
-43
2
14.618602445
-43
2
14.634682780001
-43
1.2
14.651878607998
-42.2
1.2
14.667879077999
-41.4
1.2
14.685429382997
-41.4
1.2
14.702093258005
-40.6
1.2
14.718512975
-39.8
1.2
14.735104975
-39.8
1.2
14.751983937997
-39
1.2
14.768450322998
-39
1.2
14.784814352999
-38.2
1.2
14.801314985001
-38.2
1.2
14.818772084996
-38.2
1.2
14.834611519997
-38.2
1.2
14.851815125003
-37.4
1.2
14.868065287999
-37.4
1.2
14.885037100001
-37.4
1.2
14.901552148003
-37.4
1.2
14.917386825007
-37.4
1.2
14.935240792998
-36.6
1.2
14.952086485006
-36.6
1.2
14.968225125005
-36.6
1.2
14.984742695
-36.6
1.2
15.001305643003
-36.6
1.2
15.017845492999
-36.6
1.2
15.034837963001
-36.6
1.2
15.051449645005
-36.6
1.2
15.068124493002
-36.6
1.2
15.08470077801
-36.6
1.2
15.101227583
-36.6
1.2
15.118057715008
-36.6
1.2
15.135097420003
-36.6
1.2
15.151793662997
-36.6
1.2
15.168624753001
-36.6
1.2
15.185097075009
-35.8
1.2
15.201942027998
-35.8
2
15.218006430005
-35.8
2
15.234649247999
-35
2
15.251100073001
-35
2.8
15.268598877999
-35
2.8
15.285587570004
-35
3.6
15.30069836801
-35
3.6
15.318836273
-34.2
3.6
15.334605477998
-34.2
3.6
15.351296973007
-34.2
3.6
15.36859301501
-34.2
3.6
15.385331309997
-34.2
4.4
15.401154188003
-34.2
4.4
15.417987777997
-34.2
4.4
15.433935333
-34.2
4.4
15.452108152997
-33.4
4.4
15.46779880501
-33.4
4.4
15.485135893003
-33.4
4.4
15.501872698005
-33.4
4.4
15.518435193007
-32.6
4.4
15.534570210002
-32.6
4.4
15.554517723009
-32.6
4.4
15.567805198007
-32.6
4.4
15.585381785
-32.6
5.2
15.602059593002
-31.8
5.2
15.618403043001
-31.8
5.2
15.634583833002
-31.8
5.2
15.651726527998
-31.8
5.2
15.667962705003
-31.8
5.2
15.685524675006
-31.8
5.2
15.70138640501
-31.8
5.2
15.718195253008
-31.8
5.2
15.734843113009
-31.8
5.2
15.751268805005
-31.8
5.2
15.768001263001
-31.8
5.2
15.784649110006
-31.8
5.2
15.802143078006
-31
6
15.818681463003
-31
6
15.835504425006
-31
6
15.851485332998
-31
6
15.867698385002
-31
6
15.884851028008
-31
6
15.902242117998
-30.2
6
15.917960583
-30.2
6
15.935037560004
-30.2
6
15.950933243003
-30.2
6
15.968717070005
-30.2
6
15.984691999998
-30.2
6
16.001983355003
-30.2
6.8
16.018165173009
-30.2
6.8
16.034962455
-30.2
6.8
16.051332497998
-30.2
6.8
16.068856619997
-30.2
6.8
16.084844509998
-30.2
6.8
16.101020162998
-30.2
6.8
16.118231998
-30.2
6.8
16.134815083002
-30.2
6.8
16.151376630005
-30.2
6.8
16.167847910008
-30.2
6.8
16.184726480002
-30.2
6.8
16.201387248002
-30.2
6.8
16.217822307997
-30.2
6.8
16.235386795001
-29.4
6
16.252077015
-29.4
4.4
16.268626664998
-29.4
2
16.285012185006
-29.4
0.39999999999999
16.301225870004
-29.4
-2
16.317901729999
-29.4
-2.8
16.335498603003
-29.4
-3.6
16.351439445003
-29.4
-4.4
16.368834895009
-29.4
-5.2
16.384751838006
-29.4
-5.2
16.402112303011
-29.4
-6
16.418913335001
-29.4
-6
16.435114220003
-29.4
-6.8
16.451586288007
-29.4
-6.8
16.468156503004
-29.4
-6.8
16.484767119997
-29.4
-6.8
16.50153438501
-29.4
-6.8
16.518185818
-29.4
-6.8
16.534997413008
-29.4
-6.8
16.551510553007
-29.4
-6.8
16.568105418002
-29.4
-6.8
16.584837479997
-29.4
-6.8
16.600971945008
-29.4
-6.8
16.617685475008
-29.4
-6.8
16.63511097501
-29.4
-7.6
16.651764675
-29.4
-7.6
16.668661820004
-29.4
-8.4
16.685114909997
-29.4
-8.4
16.701507635007
-29.4
-9.2
16.718308575
-29.4
-10
16.734573773007
-29.4
-10.8
16.751197450008
-29.4
-10.8
16.768719423009
-28.6
-12.4
16.785003155004
-27.8
-14
16.802231070003
-27
-15.6
16.817960250002
-25.4
-18
16.835210250007
-23
-20.4
16.852404133009
-21.4
-22.8
16.868805917999
-16.6
-26
16.885684478009
-14.2
-27.6
16.901640395008
-11.8
-28.4
16.918813933007
-8.6
-30
16.934561660004
-5.4
-31.6
16.951441098005
-3
-33.2
16.967997680011
0.99999999999996
-35.6
16.985247213001
3.4
-36.4
17.001490815004
5.8
-38
17.018740043
8.2
-39.6
17.034672130001
10.6
-41.2
17.052271542998
12.2
-42
17.06897299501
13.8
-42.8
17.084949598007
15.4
-43.6
17.102280153005
16.2
-44.4
17.118671410004
17
-44.4
17.135464439998
17.8
-45.2
17.151667968006
17.8
-45.2
17.168074653004
18.6
-46
17.184710425005
19.4
-46
17.202015415009
20.2
-46.8
17.218190183004
20.2
-47.6
17.235431820009
21.8
-47.6
17.252776710011
22.6
-48.4
17.268630097999
23.4
-49.2
17.285875528003
25.8
-50.8
17.301586175003
25.8
-51.6
17.318924927997
28.2
-52.4
17.335052823008
29
-53.2
17.351974763005
29.8
-54
17.368356550011
30.6
-54.8
17.384519833009
30.6
-55.6
17.401464098002
31.4
-56.4
17.418598543009
31.4
-57.2
17.434921715001
31.4
-57.2
17.452108683006
32.2
-58
17.468751160006
32.2
-58
17.484946470009
32.2
-58
17.501467793001
32.2
-58
17.518822583006
32.2
-58
17.535469498005
32.2
-58
17.554703873
32.2
-58
17.568358222998
32.2
-58
17.58582896
32.2
-58.8
17.601878550005
32.2
-58.8
17.618075655002
32.2
-58.8
17.635483774997
32.2
-58.8
17.65236071001
32.2
-58.8
17.66828595
31.4
-58.8
17.685328455002
31.4
-58.8
17.701592142999
30.6
-58.8
17.719159643006
30.6
-58.8
17.735118174998
29.8
-58.8
17.752202939999
29
-58.8
17.768803768005
29
-58.8
17.785377665001
28.2
-58.8
17.801497260007
27.4
-58.8
17.818110464999
27.4
-58.8
17.835737362999
26.6
-58.8
17.851903553004
25.8
-58.8
17.868864732998
25.8
-58.8
17.885297973
25
-58.8
17.902005758006
24.2
-58.8
17.918655123009
23.4
-58.8
17.93570369501
21.8
-58.8
17.951797938003
21
-58.8
17.968550308011
20.2
-58.8
17.985510168
19.4
-58.8
18.001432243007
18.6
-58.8
18.018237912998
17.8
-58.8
18.034849208008
17
-58.8
18.052281905009
17
-58.8
18.068449168
16.2
-58.8
18.085493773004
16.2
-58.8
18.101715477998
16.2
-58.8
18.118994528006
16.2
-58.8
18.136079643009
16.2
-58
18.152127020003
16.2
-58
18.168417467998
16.2
-57.2
18.185504413006
16.2
-56.4
18.202182724999
16.2
-55.6
18.218450688
16.2
-54.8
18.234778979997
16.2
-54
18.251378503002
16.2
-52.4
18.268993974998
16.2
-52.4
18.285069104997
16.2
-51.6
18.302541869998
16.2
-50.8
18.318147728001
17
-50
18.335654652998
17
-49.2
18.352799660002
17
-48.4
18.369098577998
17
-46.8
18.385366415008
17
-46
18.402517928
17
-44.4
18.418822670006
17
-43.6
18.435337433009
17
-42
18.451459939999
17
-40.4
18.468214698005
17.8
-38.8
18.485908343006
17.8
-37.2
18.501613938002
18.6
-34
18.519021578002
18.6
-32.4
18.534815150007
20.2
-28.4
18.552184175001
21
-25.2
18.568416007998
21.8
-21.2
18.585747104997
24.2
-14
18.602107633007
25.8
-9.2
18.618161728009
26.6
-3.6
18.635564783006
28.2
1.2
18.651949355
29
4.4
18.668131140003
29.8
7.6
18.684776298003
31.4
9.2
18.702418728004
32.2
10.8
18.718174533002
33
12.4
18.735498060007
33.8
13.2
18.751394942999
34.6
14
18.769018378007
35.4
14.8
18.785094620005
37
15.6
18.802425383008
38.6
17.2
18.819077193009
40.2
18
18.835074782997
41.8
18
18.852092173009
43.4
18.8
18.868327345001
44.2
18.8
18.885000492999
45.8
18.8
18.901404635006
46.6
18.8
18.918917103001
48.2
18.8
18.934975173004
49
18.8
18.952365129997
49.8
18.8
18.969083010001
50.6
18.8
18.985738695003
51.4
18.8
19.00248743
52.2
18.8
19.018627048004
53
18.8
19.035253658003
53.8
18.8
19.052509205008
53.8
18.8
19.068205732998
54.6
18.8
19.085121095006
54.6
18.8
19.101433025004
55.4
18.8
19.118254982997
55.4
18.8
19.135051445002
55.4
18.8
19.152365135
55.4
19.6
19.168540503
55.4
19.6
19.185323943006
55.4
19.6
19.202041858007
55.4
19.6
19.219093223001
55.4
19.6
19.235287893011
54.6
19.6
19.252551628
53
20.4
19.269186160003
53
20.4
19.284911658004
52.2
20.4
19.301215312997
52.2
20.4
19.317853205008
52.2
21.2
19.334744763008
52.2
21.2
19.352018468009
52.2
21.2
19.368305317999
52.2
21.2
19.385376335005
52.2
21.2
19.401388515005
52.2
22
19.418484460009
52.2
22
19.435349313004
52.2
22.8
19.451899310006
52.2
22.8
19.469364353004
52.2
23.6
19.485810333004
52.2
24.4
19.501651005005
52.2
26.8
19.518468160008
52.2
30.8
19.543572827009
52.2
38.8
19.554226339998
52.2
42
19.587559673332
52.2
66.8
19.598776977328
52.2
67.6
19.616240717333
52.2
70
19.632973772336
52.2
70.8
19.649762539332
52.2
72.4
19.665943852328
52.2
73.2
19.682206537335
52.2
74.8
19.698892937326
52.2
75.6
19.716288662334
52.2
77.2
19.734344204328
52.2
78
19.749674242332
51.4
78
19.765559224332
51.4
78.8
19.783085637326
50.6
78.8
19.799693862333
50.6
78.8
19.816520424335
49.8
78.8
19.832758122335
49.8
78.8
19.849340022331
49.8
78.8
19.865867157329
49
78.8
19.882359232339
49
78.8
19.898770019332
48.2
78.8
19.915233397326
48.2
78.8
19.932870679339
48.2
78.8
19.949035082326
47.4
78.8
19.966190919331
46.6
78.8
19.982141494337
46.6
78.8
19.999736549326
45.8
78.8
20.016519787336
45.8
78.8
20.033230884329
45
78.8
20.04943043233
45
78.8
20.065822877332
44.2
78.8
20.082660077337
44.2
78.8
20.099102417335
43.4
79.6
20.115258384329
42.6
79.6
20.132028312328
42.6
79.6
20.149746889329
41.8
79.6
20.16559412433
41.8
79.6
20.18278920433
41
79.6
20.200106927332
40.2
79.6
20.216468182327
38.6
79.6
20.232379189336
36.2
79.6
20.249258892327
33
79.6
20.266034087334
29
78.8
20.282395147333
25.8
78
20.299578657338
23.4
77.2
20.315871622334
22.6
76.4
20.332115937338
21
75.6
20.348946457329
20.2
74.8
20.366115127334
19.4
74
20.382293199328
18.6
73.2
20.399551784336
17.8
73.2
20.416189609336
17
72.4
20.432545434328
16.2
71.6
20.450248987334
13
70
20.466426302337
11.4
69.2
20.482886234335
9
67.6
20.499576834329
7.4
66.8
20.51610233733
5
65.2
20.532447889339
3.4
64.4
20.548736712336
2.6
63.6
20.565626147327
1.8
62.8
20.583043222338
0.99999999999997
62
20.59885188433
0.19999999999997
62
20.616478934339
-0.60000000000003
62
20.632224507332
-0.60000000000003
62
20.649404867327
-0.60000000000003
62
20.666126507328
-1.4
62
20.683302972328
-1.4
62
20.699472672328
-1.4
62
20.715837557328
-2.2
62
20.73220982933
-2.2
62
20.74838281233
-2.2
62
20.765972992326
-2.2
62
20.782787589335
-2.2
62
20.79965263734
-3
62
20.816296619327
-3
62
20.832838832336
-3
62
20.84958919933
-3
61.2
20.865814882338
-3
61.2
20.88274500434
-3
61.2
20.899612069327
-3.8
61.2
20.916385334328
-3.8
61.2
20.932857097338
-3.8
61.2
20.948835724332
-3.8
61.2
20.96488319734
-3.8
61.2
20.982326834339
-3.8
60.4
20.999147412331
-3.8
60.4
21.01615154434
-3.8
60.4
21.032802177339
-3.8
60.4
21.049466749326
-3.8
60.4
21.066128647326
-3.8
59.6
21.082799559336
-3.8
59.6
21.099713117329
-3.8
59.6
21.116176712334
-3
59.6
21.132755847335
-3
59.6
21.149473384336
-3
59.6
21.165540224327
-2.2
59.6
21.18214289433
-2.2
59.6
21.198834687334
-2.2
58.8
21.215563139333
-2.2
58.8
21.232746959337
-2.2
58.8
21.250134847338
-2.2
58.8
21.266136734332
-2.2
58
21.283222912338
-2.2
57.2
21.299379234326
-2.2
56.4
21.31662176233
-2.2
54.8
21.33334533433
-2.2
53.2
21.349776769327
-2.2
50.8
21.366380974338
-2.2
48.4
21.382349539338
-2.2
43.6
21.399106409336
-2.2
38.8
21.415554004336
-2.2
32.4
21.433324412334
-2.2
26
21.449624872338
-2.2
21.2
21.466445829334
-2.2
16.4
21.482997747335
-2.2
13.2
21.503201409338
-2.2
10
21.516279517331
-2.2
10
21.533136402337
-2.2
8.4000000000001
21.549521627334
-2.2
7.6000000000001
21.566543354326
-2.2
6.8000000000001
21.582887664329
-2.2
6.0000000000001
21.598979277326
-1.4
6.0000000000001
21.61555972734
-1.4
5.2000000000001
21.632436709326
-1.4
4.4000000000001
21.649777599327
-1.4
4.4000000000001
21.665889469332
-1.4
3.6000000000001
21.682819827337
-1.4
3.6000000000001
21.699212807326
-1.4
3.6000000000001
21.716327224327
-0.60000000000003
3.6000000000001
21.732034532332
-0.60000000000003
3.6000000000001
21.74921606933
-0.60000000000003
3.6000000000001
21.765986909326
-0.60000000000003
3.6000000000001
21.782619052327
-0.60000000000003
3.6000000000001
21.798883509335
-0.60000000000003
3.6000000000001
21.815203714338
-0.60000000000003
3.6000000000001
21.832282044336
-0.60000000000003
3.6000000000001
21.848783989328
-0.60000000000003
3.6000000000001
21.865685507328
-1.4
4.4000000000001
21.882638362331
-1.4
4.4000000000001
21.899761887333
-2.2
4.4000000000001
21.915847484336
-3
4.4000000000001
21.933365654339
-3.8
4.4000000000001
21.94929837234
-3.8
4.4000000000001
21.966199867333
-4.6
4.4000000000001
21.982530422327
-5.4
4.4000000000001
21.999710679339
-6.2
4.4000000000001
22.016357664332
-6.2
4.4000000000001
22.032674409326
-7
4.4000000000001
22.049060784332
-7.8
4.4000000000001
22.065594017339
-7.8
4.4000000000001
22.083203784329
-7.8
3.6000000000001
22.099036127337
-7.8
3.6000000000001
22.116622949332
-7.8
2.8000000000001
22.132420477334
-7.8
2.8000000000001
22.149960912335
-7.8
2.0000000000001
22.167128209338
-7
1.2000000000001
22.183308677334
-6.2
0.40000000000011
22.199681619336
-5.4
0.40000000000011
22.216514417327
-4.6
-0.39999999999989
22.232978159337
-3.8
-1.1999999999999
22.249391204336
-2.2
-1.1999999999999
22.265445997335
-1.4
-1.1999999999999
22.282108304331
0.19999999999997
-1.9999999999999
22.299727322338
0.99999999999997
-2.7999999999999
22.315894017338
1.8
-4.3999999999999
22.333024049331
3.4
-5.9999999999999
22.348918312339
5
-8.3999999999999
22.36648169734
7.4
-10.8
22.383379212326
9
-13.2
22.399258879327
11.4
-14.8
22.416422699338
15.4
-18
22.432538712332
17.8
-18.8
22.449174452333
19.4
-20.4
22.466035719328
21.8
-22
22.482216457335
23.4
-22
22.49902691233
25
-22.8
22.516587417333
25.8
-23.6
22.532620224338
26.6
-23.6
22.550044667333
27.4
-23.6
22.56556017734
28.2
-23.6
22.583139342336
28.2
-23.6
22.599544554331
28.2
-23.6
22.616631504331
29
-23.6
22.631997834331
29
-23.6
22.649195532337
29
-23.6
22.665789682339
29
-23.6
22.682423502331
29
-23.6
22.698900634329
29
-23.6
22.71617079933
29
-23.6
22.732814157331
29
-24.4
22.749098499328
29
-24.4
22.76610352433
28.2
-26
22.782426492333
27.4
-28.4
22.798973734338
27.4
-33.2
22.81676687934
26.6
-38.8
22.832967054339
25.8
-50
22.849516857336
25
-56.4
22.866288512327
24.2
-61.2
22.883127627335
22.6
-66
22.899383432327
21.8
-70
22.915621332337
21
-72.4
22.932440157333
20.2
-75.6
22.949764214333
19.4
-77.2
22.965810942326
18.6
-78
22.983117774326
18.6
-78.8
22.999025519334
17
-78.8
23.016398924338
16.2
-79.6
23.032600014333
15.4
-79.6
23.049737489339
13
-80.4
23.066277589337
12.2
-80.4
23.083228827331
11.4
-80.4
23.099225184335
9.8
-80.4
23.116048697332
9.8
-80.4
23.132491689329
9
-80.4
23.149030382331
8.2
-80.4
23.166497182327
7.4
-79.6
23.182436939337
6.6
-78
23.199656982332
6.6
-77.2
23.217111262326
5.8
-76.4
23.232948902333
5
-75.6
23.250428297332
5
-74
23.26621076934
4.2
-73.2
23.283173637327
4.2
-71.6
23.300096547326
4.2
-70.8
23.315697707331
3.4
-70
23.33261275934
3.4
-69.2
23.349055307328
3.4
-67.6
23.365636269337
3.4
-66.8
23.382993437328
3.4
-65.2
23.399231754338
3.4
-64.4
23.416450314333
3.4
-62.8
23.432261989329
3.4
-62
23.449819447335
2.6
-60.4
23.466922967339
2.6
-58.8
23.482890669337
2.6
-58
23.503216867328
2.6
-56.4
23.516670114339
2.6
-55.6
23.533198939339
2.6
-54
23.549397999327
2.6
-51.6
23.565849962332
2.6
-50
23.582273197339
2.6
-46.8
23.599517164338
1.8
-43.6
23.615748462333
1.8
-40.4
23.633117049329
1.8
-37.2
23.650020684327
1.8
-34
23.665849329329
1.8
-30.8
23.68359040234
0.99999999999996
-26
23.698673522326
0.99999999999996
-22.8
23.716749114327
0.99999999999996
-16.4
23.733358902326
0.99999999999996
-13.2
23.749737419327
0.19999999999996
-9.1999999999999
23.765707649327
0.19999999999996
-5.9999999999999
23.782478574336
-0.60000000000004
-2.7999999999999
23.799032044328
-0.60000000000004
-1.1999999999999
23.816393559326
-0.60000000000004
1.2000000000001
23.833538977335
-1.4
2.8000000000001
23.849311687336
-1.4
3.6000000000001
23.866712729338
-1.4
5.2000000000001
23.882869689326
-1.4
6.0000000000001
23.900186944339
-1.4
8.4000000000001
23.916337817333
-2.2
9.2000000000001
23.932689442336
-2.2
10
23.950045079335
-2.2
10.8
23.965967607328
-2.2
11.6
23.982490307339
-2.2
12.4
23.99912313233
-2.2
12.4
24.016705237337
-2.2
13.2
24.032837772328
-2.2
13.2
24.04969163234
-2.2
13.2
24.066187152327
-2.2
13.2
24.083518949331
-2.2
13.2
24.099534422327
-1.4
13.2
24.116571319326
-1.4
13.2
24.133748154338
-0.60000000000004
13.2
24.149761644331
0.19999999999996
12.4
24.166630539338
0.99999999999996
11.6
24.182844459334
1.8
10.8
24.199268837336
2.6
10
24.215739234329
3.4
10
24.233363922329
4.2
9.2000000000001
24.249379472335
5
8.4000000000001
24.266813342336
5.8
8.4000000000001
24.283145754329
6.6
7.6000000000001
24.300263952326
8.2
7.6000000000001
24.317371204329
10.6
6.8000000000001
24.333410859334
12.2
6.0000000000001
24.349961554334
13.8
6.0000000000001
24.366557047332
15.4
5.2000000000001
24.383121474334
17
5.2000000000001
24.399607294334
17.8
4.4000000000001
24.415812164335
19.4
4.4000000000001
24.432459887329
20.2
3.6000000000001
24.449823204334
21.8
3.6000000000001
24.466082512336
22.6
3.6000000000001
24.483325222326
23.4
3.6000000000001
24.499213744326
23.4
2.8000000000001
24.516930862338
24.2
2.8000000000001
24.532842877329
25
2.8000000000001
24.550051674327
25.8
2.0000000000001
24.566433297332
26.6
2.0000000000001
24.583759887326
27.4
2.0000000000001
24.599710124334
27.4
2.0000000000001
24.61633201733
28.2
1.2000000000001
24.632415279332
29
1.2000000000001
24.649076939335
29
0.40000000000006
24.666734457329
29.8
0.40000000000006
24.68259394433
29.8
0.40000000000006
24.699816539338
30.6
-0.39999999999994
24.715900047326
30.6
-0.39999999999994
24.733668849331
30.6
-1.1999999999999
24.74945083433
31.4
-1.1999999999999
24.766712687335
32.2
-1.1999999999999
24.783097577333
32.2
-1.1999999999999
24.799437922331
33
-1.1999999999999
24.816375539326
33
-1.1999999999999
24.833055827338
33.8
-1.9999999999999
24.849044077339
33.8
-1.9999999999999
24.865711904328
34.6
-1.9999999999999
24.883293132335
35.4
-1.9999999999999
24.899427639328
35.4
-1.9999999999999
24.91639576434
35.4
-1.9999999999999
24.933243854328
36.2
-1.9999999999999
24.950028129337
36.2
-2.7999999999999
24.96558021733
36.2
-2.7999999999999
24.983032377328
36.2
-2.7999999999999
24.999858652337
36.2
-2.7999999999999
25.016503317333
35.0629905586
-1.9933229189502
                                                                                                                                                                                                                                                                                                                                                                                                                                                                                                                                                                                                                                                                                                                                                                                                                 67460522006
33.6
-1.2000000000001
24.984860384007
34.4
-2.0000000000001
25.001161612003
35.2
-2.0000000000001
25.017374456002
35.120720547877
-1.9405404109081
